	countryname   A_corr~3        A3   A_corr~2        A2   A_corr~1        A1 
13.	Austria   .2499738    .32192   .6228175   .752577   .4466539   .791346 
20.	Belgium   .6152686   .869908   1.107212   1.24818   .7206978   1.01974 
35.	Canada   2.521405   .584304   1.689059   1.40058   2.035797   1.04506 
53.	Cyprus    .119209   .128518   .6707152   .815678   .6052228   1.09374 
74.	Finland   .2472176   .205297   .9356535   1.08231   .4867184   .747651 
75.	France   .3660289   .439001   .6707355   .786965   .5662268      .928 
80.	Germany   2.032151   .500496   .8990236   .841243   1.159658    1.0209 
83.	Greece   .0944152   .117137   .5691764   .576018          .   1.04211 
98.	Hungary   .1579948   .196221   .2705784   .307512   .3431237   .551456 
107.	Italy   .1882376   .253434   .8390357   1.00816   .5298451   .937962 
133.	Luxembourg   .3904092   .518099   .6880577   .813196    1.09577   1.91569 
160.	Netherlands   .4064963   .610599   1.460469   1.72794   .6247541   1.03071 
181.	Poland   .0558363   .071002   .2960784   .361507   .4096152   .753818 
199.	Slovenia    .062629   .066222   .3378974   .408185   .3398907   .620273 
236.	United States          1         1          1         1          1         1 
 

